52,52
52,51
52,50
52,49
52,48
52,47
52,46
52,45
52,44
52,43
52,42
52,41
52,40
52,39
52,38
52,37
52,36
0,482
0,481
0,480
0,479
0,478
52,35
3,2
3,1
3,3
10,308
10,292
10,147
10,129
10,85
10,148
10,1
10,120
10,2
10,3
11,12
11,10
11,22
11,20
11,4
11,1
11,21
11,2
11,3
9,7
9,4
9,1
9,6
9,2
9,3
8,10
8,7
8,12
8,13
8,6
8,1
8,5
8,2
8,3
12,2
12,1
12,3
20,2
20,1
20,3
51,3
51,2
51,1
51,0
19,2
50,5
19,1
50,4
50,3
19,3
50,2
50,1
50,0
49,4
49,3
49,2
49,1
49,0
48,3
48,2
48,1
48,0
47,3
47,2
47,1
47,0
17,3
17,2
17,1
16,3
16,2
16,1
15,3
15,2
15,1
14,2
13,2
7,16
7,15
7,14
7,12
